16
52
30
-142
-14
58
-2
-112
-50
-58
-18
-32
76
56
60
-12
42
52
18
-232
96
-90
98
12
-106
-92
-72
102
98
-4
-64
94
64
52
14
-58
80
-120
-24
-36
-24
-38
22
54
-110
-96
-60
-14
30
68
108
54
58
16
-88
-44
-42
42
-22
68
-24
-56
-56
42
8
-72
-216
-156
-88
-72
94
-52
4
-56
2
16
40
-22
-48
-72
-14
92
50
-20
80
56
-92
-38
-8
36
14
-82
-92
-48
-8
-52
82
24
-40
38
-84
-72
22
68
-82
24
-24
-54
100
-70
-18
136
-172
50
64
6
-32
132
-46
-24
56
52
-36
96
-28
-2
0
24
-54
-194
-40
2
-20
92
32
-100
6
0
80
138
-56
-6
-108
54
-34
-38
80
10
-20
-44
26
-20
-78
-114
-68
-54
-44
2
40
-22
130
46
-106
-80
18
-100
-52
70
-34
-46
0
-30
44
0
14
0
-6
64
-68
20
-78
-30
-84
52
-114
16
-48
106
34
-94
-16
-98
100
-60
-72
16
-46
-30
66
0
52
46
54
-6
10
-38
-32
-56
14
-132
-148
10
-50
84
-86
8
-38
38
-70
-58
6
-52
92
140
-90
-48
128
-180
-92
-6
-50
88
-26
-40
-76
-34
-2
-28
22
-114
10
-40
-128
-32
48
-10
-24
-6
-34
-78
82
74
22
48
-28
2
-34
68
-68
60
-42
58
-36
-74
38
-38
-4
-126
42
-80
-12
28
70
38
-54
96
-114
90
-22
82
-26
0
40
66
-24
28
-108
-100
-24
-8
-20
-108
-26
126
-6
34
-114
-84
72
-32
-24
-24
-74
24
66
-180
170
20
62
-126
-18
152
-20
12
6
6
70
-54
28
-54
14
22
80
-80
-96
18
-32
44
-30
-82
-56
-18
80
-22
4
-124
40
-18
72
-116
28
50
34
24
28
-12
84
18
-158
18
-54
-142
12
-114
-58
-158
-186
26
80
-16
30
72
-60
26
76
26
-4
10
-36
-80
130
144
-86
38
10
-18
76
-18
-58
12
100
-98
146
-136
-14
-44
-52
12
-70
30
-56
14
-30
-4
6
36
-44
12
128
50
-20
4
-76
-96
-36
-36
-116
66
42
140
-60
92
26
90
-72
-40
-22
-112
-82
36
56
28
192
-114
-42
-58
58
6
70
-38
-166
-130
22
20
68
-20
-64
-8
-50
0
78
-48
10
-118
-22
14
0
22
-70
24
34
-82
8
14
106
50
-94
-66
-90
-48
-124
-48
112
44
-68
-34
62
70
52
94
22
70
-46
34
58
2
118
-56
-74
58
2
62
-58
22
-58
28
22
-32
70
-116
-120
-32
-104
-56
50
46
-18
154
-6
198
104
124
-52
80
106
-84
-28
2
-26
-40
10
84
26
6
-88
44
-50
44
-28
152
6
-32
136
-82
12
-82
-2
114
204
-82
8
-112
36
-6
-14
44
28
78
-68
122
-110
128
22
-50
-8
10
8
-6
130
60
20
66
2
-58
74
-40
104
48
-28
18
102
48
-28
112
92
-2
-90
-16
2
92
0
126
-66
-136
18
-64
-108
-140
34
58
2
88
-42
-70
12
18
-118
-28
72
-24
-12
38
-104
-32
-54
104
-54
-16
-50
36
26
-16
-80
-122
-58
-50
54
-24
-130
-28
176
120
-104
-32
128
14
176
-38
-30
-12
38
136
-12
48
-44
10
44
-12
-26
32
-34
14
72
-28
38
-94
-6
-34
26
-80
-2
26
-46
-44
0
16
-12
26
46
-54
-14
104
-62
24
-38
98
142
-36
-8
130
-14
114
4
20
60
-52
44
30
-186
68
-34
-2
-74
-64
48
-30
30
-22
-134
-68
16
68
22
66
-22
134
92
108
58
100
74
72
54
-118
6
-14
170
-10
6
-84
-20
96
-16
8
-2
36
14
-66
-96
-104
-16
-12
-50
72
-32
-4
-18
-24
22
20
102
-98
-76
-30
-46
54
-72
58
12
-6
42
-210
60
0
-130
-36
-44
-56
36
20
-52
-52
62
-12
64
46
-30
30
34
78
-18
0
-108
88
60
0
-136
-112
-90
6
-46
-138
-110
-150
-106
94
38
-46
-94
-106
0
0
-36
8
10
-72
76
40
-102
-30
16
-34
-46
-22
-80
44
82
44
-148
-2
-58
-62
32
86
-6
28
-8
-24
58
18
6
56
-40
-6
60
-54
-192
-148
30
18
2
40
42
6
0
-2
-122
10
158
28
28
20
-134
202
-56
-2
-30
-32
18
62
20
-48
144
-2
14
40
-74
60
-82
-12
-138
-8
54
88
52
-78
40
-54
12
70
24
-24
16
-94
8
62
74
-66
-94
-6
-30
-30
68
-26
-10
-152
-132
-122
130
2
-170
16
-68
-82
84
-10
24
-114
28
66
-72
58
26
14
134
-108
-106
-28
-62
68
-76
-104
130
-66
-16
-2
62
-42
-96
30
-4
-26
42
-46
56
10
58
8
-52
-6
-10
108
24
-66
-36
16
52
-106
-112
54
-28
-116
-80
10
0
-82
50
-48
-52
18
64
16
-34
-26
-70
-44
-34
74
22
16
-6
26
30
-94
-16
6
24
-182
-48
44
-8
18
44
-18
-82
48
50
-2
-62
2
24
68
-106
74
46
-76
-118
22
10
-94
-116
-34
54
16
-12
90
-154
138
70
10
-114
18
-44
72
46
-22
56
-22
14
22
-62
-60
-22
-8
-50
-12
-98
164
-122
-116
40
8
-60
108
-32
62
42
24
60
48
18
52
4
16
-48
-182
86
-2
24
22
20
-62
110
-86
-24
28
-86
-20
-50
62
6
-12
152
6
34
-104
164
58
-76
-6
-66
26
-104
28
50
10
-18
-140
-4
-42
-126
12
46
34
-80
-24
28
36
36
-104
-40
-32
-24
112
34
-108
54
2
148
-16
90
48
48
40
36
-28
-94
-92
-102
8
-62
32
86
-132
8
26
-4
-38
-56
54
44
46
56
146
-166
2
-40
34
120
-116
30
-160
112
-36
-124
2
52
-54
-72
-4
-200
-38
-142
60
-46
-76
-18
-10
30
-80
-24
16
4
14
-24
20
-92
42
124
-136
40
-38
2
-32
-94
76
-22
38
-66
54
-16
50
76
50
54
82
10
-68
24
22
54
-76
-128
-50
28
-40
124
142
124
-62
-12
74
0
-10
26
106
-20
-104
12
28
184
-38
26
-88
50
-6
-28
-18
28
26
104
-10
-14
132
94
-90
-24
2
-48
-58
-108
-76
46
-74
-10
90
-64
-100
-56
48
58
-32
36
60
52
28
-38
-82
-58
-36
20
44
-20
8
20
-72
30
-16
-100
-4
-84
8
-50
-110
-22
-68
38
-50
16
-44
72
-64
180
28
10
32
88
-194
-120
26
-118
-44
28
-44
-36
18
-84
42
-14
28
-96
6
46
-172
-44
-62
-70
50
-34
4
68
34
-12
84
-182
-62
-64
-78
-78
18
-8
-38
-12
40
-14
2
18
74
80
88
-116
90
-42
-162
-14
130
-48
-22
102
-108
-50
30
-24
-62
-82
30
40
-2
2
-60
-80
-36
6
-26
76
-62
14
-190
30
-28
74
-42
26
-136
-128
-42
36
-4
-68
-52
10
18
-78
26
-74
-28
-66
24
12
-22
-30
10
-4
88
-68
-38
-100
0
174
130
-36
16
70
236
-22
-52
86
14
-50
-60
0
-40
-58
38
66
28
8
36
-66
80
36
34
6
-14
-30
-18
32
-176
24
-70
-72
80
-58
106
-78
42
42
36
46
60
-258
-16
-38
-78
96
6
16
-8
-50
78
64
70
58
172
2
22
-22
78
-52
-54
-28
2
98
-22
58
8
-94
106
-24
-122
-56
158
-96
184
24
22
-74
-36
120
14
58
56
66
20
22
-106
4
-42
-58
-26
-2
-68
62
84
-4
-82
40
-58
42
90
84
-20
126
-20
10
-90
-82
86
-40
68
24
-44
-76
62
-108
-70
12
-92
106
36
-2
58
94
136
-130
-10
-40
-40
-46
124
42
12
-24
68
-116
-84
10
96
24
-20
-26
50
30
30
-74
-16
64
-2
-18
60
-60
24
-44
50
-18
118
58
-18
4
86
34
38
16
-4
52
44
60
56
-94
-18
70
28
60
12
30
6
-12
4
-62
58
-18
-24
-6
64
-106
84
34
102
-46
-208
158
-18
40
-50
-48
32
74
-58
-60
154
-190
-80
-54
76
-10
68
-34
64
-34
138
146
166
-70
128
-34
108
-114
0
46
-84
58
52
-30
16
-140
-58
-22
-20
8
-224
62
-32
-28
-38
-90
-2
-22
-84
30
34
-128
-2
-68
102
-72
-16
-86
-130
20
134
70
90
8
82
102
92
52
-70
10
48
136
6
54
-88
-34
110
-30
70
50
-10
-72
-60
-16
44
-20
-18
-128
26
-68
-34
52
104
-50
-8
68
86
8
122
76
60
30
74
40
-14
54
-2
-48
18
72
-80
-22
18
18
-56
-36
-24
16
-12
16
46
-52
68
-196
-4
-82
-34
-34
-40
124
-16
-142
-88
6
32
-96
36
36
-90
82
22
168
0
-170
-82
-6
40
-104
-100
-10
36
-28
26
106
66
52
50
-48
72
-46
0
-60
-42
8
-16
32
60
16
-12
-40
20
158
-66
-16
4
-2
-94
110
-110
-44
4
82
142
162
-14
76
-72
-136
70
-60
66
6
56
-34
108
-48
76
-86
16
52
74
22
82
116
68
10
-46
-58
30
126
-34
-10
38
-48
-78
76
86
152
-54
26
34
-4
62
42
-4
112
-20
-20
-46
-8
16
14
-58
76
42
24
58
22
-102
26
-4
-86
22
26
94
-14
58
-38
34
40
28
-156
72
0
38
-76
14
142
-74
-10
20
50
-44
118
32
34
8
-100
46
-10
12
112
46
-90
66
32
68
158
-30
-56
-4
-110
54
142
-10
114
-8
32
42
-52
-64
104
-26
-14
34
-78
-22
-86
78
48
-64
24
-22
-24
-70
40
-20
-146
-108
-58
-94
28
58
-84
-14
-120
-78
-6
-54
-130
22
16
-14
6
42
-28
50
84
-94
-6
-70
94
-34
30
42
-36
-106
-80
-104
-34
-50
20
-62
16
-38
-6
52
-32
-12
-28
84
34
18
84
-12
102
-32
64
130
22
-16
30
108
-32
118
128
110
64
-18
40
-62
-26
62
0
-52
82
24
-80
12
-66
26
-40
100
-16
78
-32
-46
-18
-40
108
-80
48
18
56
-16
-62
6
-108
22
14
84
-86
58
190
-14
90
-108
100
-106
0
14
-76
-18
20
-20
-28
128
40
-88
10
94
48
40
-38
-16
-58
-34
-20
-68
94
-66
-176
-12
-18
60
68
-40
-94
18
-16
230
98
62
36
4
-18
34
-44
-44
-12
24
22
-14
-26
18
-8
48
-58
-72
-116
-20
32
-76
58
-54
18
-68
-48
-30
34
-46
68
12
10
62
-120
-56
-14
84
-20
-56
60
44
-16
58
54
-14
-46
82
-106
-76
-36
-122
120
-20
-48
8
16
76
4
-46
-36
30
148
112
-142
-22
128
-114
-134
54
8
0
116
130
-216
34
-24
38
2
-12
-138
-62
-16
72
44
38
-6
52
-54
-42
128
6
-20
-94
58
66
18
0
0
34
20
162
10
-158
-118
168
58
46
38
-66
56
-114
36
10
30
36
88
-72
64
34
-76
-38
88
64
82
112
-36
-42
-60
-24
-54
2
48
-88
-20
74
14
42
-52
92
18
-34
6
104
24
-70
-178
-44
22
-56
-172
-84
18
2
76
-124
-106
30
34
-36
-2
-4
102
100
-102
-92
-118
40
56
26
44
80
78
-28
50
4
-10
66
82
-28
-48
0
-54
-156
78
76
-44
-8
154
14
-80
124
18
20
10
-28
4
-80
-44
-36
36
-48
42
-42
46
6
-110
-42
40
-6
64
-44
-74
30
-18
-56
50
80
-32
86
-8
-88
38
54
-80
-78
78
-36
88
34
96
-74
24
52
38
30
-2
74
28
-72
2
92
16
28
16
-70
-34
56
-92
-200
28
80
10
42
32
72
-64
-16
-160
0
54
14
-8
124
6
-32
46
-46
60
-74
22
118
18
-60
38
36
64
-74
98
22
0
-74
28
-28
4
12
126
-94
-34
-44
-6
54
6
-40
4
60
112
-166
2
-66
132
-36
96
12
-46
156
10
32
54
62
-38
28
-64
-96
-94
-90
10
-46
116
-64
112
-136
32
26
-6
-26
60
-42
70
-12
32
-18
24
-20
80
98
76
-96
178
112
-60
-70
6
-116
30
-82
-232
114
-54
14
8
66
-18
-48
-92
16
-92
38
-30
124
30
-16
110
-160
-16
8
44
-132
-160
-38
-106
-98
-68
-8
-14
-76
-22
26
-38
-42
-68
36
-28
-66
100
-126
142
-114
-96
20
2
-124
-94
36
86
-88
78
72
-54
-154
82
-32
-32
-100
70
130
-44
82
114
40
-82
16
0
-54
-8
-50
108
-34
-94
-46
58
0
-2
-84
-18
24
40
62
-20
-64
-12
-8
46
32
-34
-46
-56
10
-14
98
-14
84
70
-44
-84
36
32
22
52
-30
-30
-76
6
-2
88
-38
106
-78
-50
72
50
-70
4
134
96
-20
40
30
-64
-38
-56
32
18
98
-70
-46
104
-16
14
-114
-36
-146
-56
-36
22
-12
94
-94
86
48
44
-2
342
80
-170
6
-68
-14
-78
72
58
40
72
168
-16
-42
-58
-38
24
14
-18
72
-58
-96
54
106
-28
34
24
-138
58
108
10
50
-44
154
-138
-50
70
16
-66
-74
-58
166
36
12
-8
4
-76
-30
-36
22
60
-34
-116
2
-12
-68
-114
-84
-82
-66
28
-50
26
-26
-86
98
-24
148
-78
28
56
102
114
-128
152
-54
-24
70
112
16
4
6
-10
74
86
-40
24
-2
-10
54
22
78
92
-84
-22
22
-8
-20
158
40
-30
-136
-50
-18
86
-50
102
12
-32
66
100
-64
20
52
30
50
8
-8
-28
-40
-26
-60
34
-88
-16
-8
106
-44
-70
88
84
90
22
-16
66
90
-22
0
12
-4
-16
-52
-82
8
94
72
-18
-84
18
120
-50
-74
30
86
102
-72
22
-14
12
-50
52
-42
116
22
144
-44
128
14
-80
-22
8
6
-26
-4
-66
12
-38
-40
-156
94
-8
-14
12
24
-20
36
-34
-154
-112
-2
100
42
-60
-150
96
98
88
90
14
-74
-102
-24
-36
-38
-30
-8
-40
46
22
4
-2
-14
30
46
128
8
126
-20
-30
14
-20
8
-74
72
-6
-54
10
-46
-4
-62
-70
48
60
106
116
36
30
-114
0
18
16
12
-34
182
-114
-100
-68
10
52
-20
112
70
90
-46
12
10
-26
-48
62
-30
22
4
-50
100
-46
16
-94
-36
-74
38
36
-124
4
-64
-86
56
12
-96
-48
12
32
-36
-6
-10
20
-90
-118
-2
190
28
-44
78
62
-110
38
70
6
-12
-26
80
-8
-76
22
74
16
4
-38
42
40
-58
54
-80
-38
-74
44
178
-218
-4
-6
78
84
26
54
-14
24
42
-84
48
-26
-102
34
-10
-106
40
118
2
-140
-46
-64
112
46
112
-74
0
20
-62
132
6
34
98
40
114
-2
26
74
78
34
44
-30
-16
-26
128
-102
-86
52
-52
-66
-118
-8
-34
70
-6
-38
-82
20
88
10
-176
78
-6
-166
82
36
-22
50
-28
0
-6
-14
-76
88
-60
-120
10
-158
-66
-56
-4
-66
-22
-60
20
146
-64
-8
38
-10
-80
-60
-52
126
12
-6
-2
-14
-26
40
70
148
8
-28
8
-88
-52
16
-50
50
-76
-70
-10
-32
-72
-10
-38
-38
32
42
42
-88
-74
6
-32
64
12
-72
28
-4
-20
-40
92
22
32
70
-164
12
-26
-20
18
-86
4
60
38
198
-84
92
-92
80
86
-82
-102
28
32
34
-48
12
8
12
52
-98
-8
-6
0
-14
4
-40
-42
-58
52
56
-84
-64
40
-60
150
-52
-38
-40
26
-118
46
30
-82
-4
-50
-42
-8
84
112
-86
-18
-62
-26
46
70
4
-70
62
62
16
-88
108
-14
130
-12
132
-6
12
-76
100
-4
10
20
-90
76
-30
-56
34
-50
-60
30
-16
18
108
34
80
70
78
-94
-18
16
130
12
-34
150
46
-58
40
-68
-76
70
-34
-34
-4
-116
-96
-16
-162
-22
70
22
12
106
20
112
8
86
-40
126
110
106
-162
-32
20
-84
-16
90
-122
50
38
-18
-8
-40
-38
-38
-30
72
-22
0
-48
-128
34
-18
-36
-18
38
30
102
2
100
-36
124
76
-18
-58
-36
58
40
-44
-30
-80
-14
-42
18
74
-106
26
42
-50
132
30
-4
-128
-74
56
-92
78
-36
26
-14
-64
42
-118
84
30
-30
-8
-62
90
122
-92
-50
42
-104
42
92
-76
10
46
6
14
-22
62
86
50
-18
66
48
84
86
12
-28
30
-6
-54
28
54
34
-50
8
-102
64
-146
-52
-6
20
4
62
-16
-34
44
-106
-4
38
-20
-12
34
12
60
-76
44
-30
-34
-18
110
-48
-40
-94
60
18
-18
-148
98
-64
156
-68
48
62
-34
-90
-60
-22
130
-82
22
30
94
66
-20
80
-36
-28
-44
-4
-138
4
126
-38
-44
-96
-42
-28
70
46
10
-52
-64
-64
-36
160
74
130
-100
12
20
-32
64
-158
-6
-36
-6
62
-8
138
-138
80
-90
-22
76
46
44
12
34
62
30
-48
-46
-170
-48
72
24
120
94
-230
-72
144
-144
44
-126
4
144
64
80
-32
62
-132
-30
26
100
-58
56
0
24
58
82
-50
4
-240
-28
6
8
16
-58
68
-50
-2
-104
-92
-20
52
54
-18
-48
-40
-6
-62
32
42
26
-62
-88
44
162
76
58
-6
6
110
0
30
-10
148
-94
-144
-4
-44
66
-12
-168
70
168
-58
-58
-62
110
-48
152
58
150
26
112
64
148
-36
-24
-2
-92
-4
132
6
56
38
-74
-38
-24
-2
154
-82
46
98
-78
-104
-4
-16
22
28
-102
-26
62
94
20
70
-88
-16
-74
70
130
-50
80
14
-60
-12
-2
60
-44
4
-50
22
-12
-50
84
22
-32
46
52
-18
-4
106
6
104
-54
14
-14
-122
6
126
2
-46
44
34
-20
-104
32
-58
76
-18
-14
-46
-54
-50
20
-56
-84
24
-102
-10
-32
104
0
24
-34
-14
-10
-38
-58
-42
62
-94
-58
44
-60
52
-48
82
36
130
44
12
106
-40
70
-40
-32
72
-86
54
-80
-36
-2
-12
-52
8
0
-24
124
26
-6
-8
-26
4
124
-26
-64
-38
44
50
18
-70
-128
14
178
-196
-64
120
-38
-204
-20
-38
-62
-126
-10
36
-64
-78
62
16
12
-56
128
126
2
20
98
8
-88
-94
194
-54
-76
-88
-48
36
110
66
-138
-30
-40
-6
88
90
-46
24
-16
-18
-22
-116
8
12
-70
-142
-130
2
-28
-24
-58
62
-76
12
-48
42
104
-38
-62
6
42
-28
-62
-44
-42
128
-52
8
36
-44
154
6
-80
-40
-132
42
-46
140
-24
52
32
6
34
-14
20
34
78
0
44
-14
-30
56
-62
-80
-20
-78
-48
-4
-158
-130
26
104
12
28
48
118
-4
94
52
-34
-112
-32
-26
16
-26
24
34
-68
52
-80
-80
14
-8
-72
38
-32
-56
60
-180
92
0
134
-56
126
-60
2
-8
42
8
2
-120
80
76
-104
62
28
34
-20
-30
-34
-100
-6
-28
114
100
-64
8
4
90
-12
-52
56
-58
-134
80
28
-118
-46
-40
160
-12
-28
-42
88
-44
18
-92
-80
-90
-20
-52
-84
58
58
-48
82
-66
-72
-18
-64
60
-28
-70
14
36
-86
-4
-44
102
148
46
-86
-70
-46
-88
-136
16
-36
-60
-78
174
-4
-52
24
16
-44
30
24
-116
-14
-24
-128
-12
2
42
-58
-8
-148
118
10
-8
42
-62
4
-58
-16
-76
-108
106
-12
-46
-58
-64
-54
-28
-44
-80
14
-30
10
124
58
48
-82
2
62
-110
64
-20
0
2
-42
-138
-58
58
-112
58
44
-18
-44
-180
46
12
28
46
14
-96
10
-6
4
62
-132
-112
40
-4
-56
20
-26
6
-8
80
-52
8
-62
-22
-40
90
-64
-24
94
112
-6
148
-40
6
24
30
-4
20
-30
-26
66
88
-46
36
-48
-34
0
26
-78
-104
74
-92
-48
114
-54
90
96
-58
-166
-72
-92
60
12
-148
70
4
-94
8
-34
114
-22
-10
-10
-60
-106
-70
-20
10
26
-24
90
4
-20
128
-38
66
46
98
4
-22
-58
-2
38
32
-60
24
-10
-6
-6
-90
-24
-26
126
-106
-38
60
84
40
-26
40
72
132
-40
-32
-154
-134
64
24
-22
-16
-52
136
-28
-52
-56
48
60
-2
6
-64
-52
56
-12
-52
-4
24
58
48
120
-108
-30
62
-36
6
-26
12
-40
-156
28
-140
114
-14
-6
-60
16
172
-68
-18
-44
-72
2
44
2
-112
-70
-24
-40
52
56
130
-14
22
16
-66
-58
-104
30
18
6
-18
32
80
10
4
90
94
16
60
6
42
-26
-24
20
-58
-16
-4
-110
-16
146
-46
4
124
6
74
20
172
44
34
16
58
0
-2
-62
58
72
56
10
46
38
-88
-2
22
0
-2
2
0
62
-112
-4
102
-76
48
-2
140
-2
-72
-8
40
46
144
114
40
32
-48
-14
0
40
-138
-10
-4
-88
76
22
-82
154
-76
78
64
-110
52
94
-8
-126
38
48
90
64
-32
-18
-40
-48
-106
-20
196
-38
192
106
-4
-36
-30
-34
28
-170
20
-26
-14
-90
-14
-6
-68
-36
130
-82
6
-8
80
-50
24
-42
22
18
48
-22
48
-66
-8
-112
-16
-14
48
-12
34
-22
-40
26
48
98
-90
-22
72
-34
46
-62
134
44
28
-50
64
22
24
-38
-2
12
-84
90
-18
14
16
36
-42
-36
-32
-68
-50
-76
102
136
86
-8
-150
52
-98
-132
-102
80
-24
-86
62
94
108
114
-38
-176
-10
144
42
-114
-80
-4
64
24
-22
76
-34
116
64
60
52
90
-24
-132
-12
-74
-12
-74
68
-34
-82
-14
-64
-72
42
-50
80
22
-180
80
22
0
-28
30
86
-118
-94
20
82
-106
62
-126
88
-6
138
32
-50
-36
-88
66
50
40
44
-32
-88
28
-24
-30
-40
62
-76
-58
6
40
-152
58
-42
-52
-108
-42
-74
34
-18
-52
34
38
8
-40
38
-10
44
38
-78
-92
-26
-8
42
12
-54
54
-22
-86
-14
-24
-118
32
-36
168
-82
104
-38
6
-8
-12
-10
-12
12
-66
90
110
-60
-78
44
2
-140
34
52
-36
8
58
70
-18
-28
-166
-84
-44
-70
-24
-32
62
-40
-108
-6
78
-2
12
8
10
-18
16
-26
0
-2
60
-36
38
-10
-8
74
-128
-40
4
44
-82
124
130
36
96
-128
-54
16
4
102
-62
104
-30
58
4
70
40
24
-6
58
70
102
86
-22
18
-40
-86
46
100
64
-78
124
78
-32
54
-78
-168
-26
-60
-16
4
-64
-76
146
22
-12
2
58
12
-20
98
10
60
84
-56
-56
28
68
-26
110
20
-122
-58
40
-104
-46
10
14
32
70
10
-94
-122
-70
-10
104
2
104
-24
-98
-12
-30
-30
0
54
-50
-60
-148
66
40
-124
42
-32
110
-30
76
128
138
-92
58
18
-108
86
-88
-10
-70
-150
174
-70
-58
4
-80
2
-52
-26
60
-2
-6
-84
-20
-20
160
48
70
-64
-10
-50
56
-118
20
-134
30
34
-20
-80
-72
-16
-60
64
78
66
-72
-88
16
34
-18
126
132
40
4
92
114
-56
36
92
56
-174
-22
-154
-54
-16
70
102
42
-62
198
76
84
-98
54
-90
50
-102
-18
104
-84
50
-44
-38
158
86
54
-44
-70
-24
-78
-84
80
32
-50
78
-42
-20
8
-18
-50
-42
-62
-30
44
-14
64
8
-48
-28
116
-32
24
-50
-52
102
-20
90
-28
-62
-16
-24
0
26
-4
14
-4
154
40
42
56
34
-40
-52
62
24
78
-62
150
-22
42
-64
18
-16
-64
-78
-18
22
-58
0
-6
-42
12
-24
12
12
-126
54
-8
16
86
-190
-26
106
36
-102
42
68
-10
-34
64
-38
132
-36
32
-32
40
6
-56
-14
56
28
-100
-56
-114
22
-146
-84
-110
0
-136
150
38
58
34
58
-32
-138
128
40
50
36
124
-60
-98
48
22
64
-20
120
-106
-16
-30
-16
-96
82
38
-26
-32
54
144
22
94
14
52
58
-52
18
6
-46
62
8
-44
-22
124
-58
70
12
78
74
164
-158
62
-52
-114
-138
54
44
28
-98
-4
-18
-14
12
68
-26
24
18
74
134
-60
-172
106
-22
-100
134
48
-24
-32
-4
30
8
12
62
-106
104
-36
-16
-80
100
-2
-42
50
118
46
-56
-28
114
6
-16
148
-46
-46
18
-112
-52
-80
210
-54
54
-14
72
-74
-78
140
138
6
68
12
-106
-64
-72
98
-46
22
36
-62
-22
84
118
-92
-68
32
0
4
14
8
-126
-102
8
-8
-60
144
-90
-70
68
-20
-88
56
-34
-36
-56
-122
18
12
-70
-4
4
-56
-112
162
-110
36
-28
-90
-56
0
-46
-158
-8
-168
-146
-56
18
-84
134
144
66
-30
18
34
42
36
-22
-20
-88
32
174
-14
-28
-76
-36
-126
44
-66
28
36
-2
-32
-14
0
-2
-130
-102
10
-210
-104
46
206
-34
-138
-34
-32
98
-140
46
66
-126
60
-172
-186
-4
-30
12
-8
-4
-4
50
-16
-100
116
12
18
24
-16
50
-62
54
48
-66
-54
-60
4
-20
-44
-52
28
-64
16
58
-22
20
52
104
-82
126
28
-32
114
-10
-16
-28
24
34
-52
106
-36
34
-28
-134
26
82
-50
8
-10
40
-138
-40
-8
-14
36
92
6
102
-42
14
-48
-44
14
68
122
130
84
22
32
22
84
108
-30
60
112
70
-86
8
-22
72
-74
-36
72
82
46
-34
58
-22
160
-132
8
-8
-60
-22
-40
-20
-34
74
104
18
-36
-24
-8
-2
34
-14
-68
92
-68
30
84
-26
56
-64
14
-76
144
174
12
78
-34
92
66
12
72
-32
-24
68
-88
-28
50
46
-52
12
-6
44
-94
88
44
16
10
-152
34
28
110
-60
-50
-42
16
-124
-60
-14
-34
82
22
-48
-80
108
36
40
46
-134
106
30
62
-64
56
42
4
-22
-128
-98
10
56
16
-26
14
102
-6
-46
8
156
-26
14
-84
-42
-42
70
-4
110
-42
-36
-22
102
6
-40
-86
-26
56
58
-30
-190
-24
70
-38
48
194
-44
42
38
88
154
12
-68
-40
-52
-38
26
-78
2
46
56
-12
16
16
-44
62
58
-34
-12
-98
-22
42
32
-122
-94
-86
-24
-30
22
102
40
68
-82
174
74
-74
-128
86
10
-92
94
90
-110
-2
4
-28
62
-40
32
46
-116
-68
16
-126
72
58
80
22
-30
114
-72
74
90
120
48
38
-50
20
22
0
-110
56
-102
54
14
-120
132
-58
-154
22
-40
-42
-20
18
38
-46
-168
54
-30
-104
-36
44
-60
-32
98
118
12
-46
52
60
6
10
-104
-20
52
-42
-30
-20
-64
18
-28
-30
-18
122
-58
48
34
14
-64
-60
138
-28
110
68
-120
-20
44
-28
38
-78
62
14
36
-94
80
42
-60
40
0
-80
-142
50
-24
36
-14
18
124
-24
62
76
0
-20
-114
16
188
6
38
-62
0
-36
86
-130
34
116
-104
-26
-6
12
44
18
-56
86
-126
54
-4
-44
-28
-152
6
90
20
164
32
156
-120
-142
-100
76
-122
-68
-22
-36
-116
-12
-80
16
32
166
20
-4
-30
88
82
-64
-16
-72
-60
32
20
32
-24
-36
-56
-62
-22
64
-156
204
136
18
92
-32
6
36
10
132
-22
4
-36
-50
-136
6
-96
-26
-92
48
26
-8
2
-140
32
-120
160
66
50
10
-74
122
54
-30
-134
-44
-112
-16
54
-136
94
62
-40
82
-38
-14
32
20
142
-110
80
78
-94
14
-2
-54
-60
110
60
-8
-2
48
-50
140
-66
-176
44
-54
-100
-112
-48
114
42
-164
-40
-26
54
172
34
122
-38
112
-74
-26
-54
-48
-2
106
-104
14
70
58
-18
16
12
-140
116
28
-144
2
-114
122
-12
-42
120
-134
90
88
-24
8
66
-32
66
-42
100
-38
-36
22
10
-34
30
-98
20
-126
-92
84
82
70
16
76
14
-54
-6
126
-58
14
-32
-124
-172
18
-24
-12
2
-68
-84
76
-62
-26
-4
-6
20
6
-42
82
-74
100
-102
-74
-74
-68
20
0
-30
12
-28
16
90
-64
-200
0
32
-32
52
96
94
-14
136
-24
-4
14
10
-58
-24
40
24
90
62
126
62
6
12
-58
90
204
-66
18
62
10
-52
-76
-76
-6
-26
54
-62
-32
-76
-28
-6
-132
-36
-36
18
114
130
162
-118
-16
124
-76
22
-62
58
22
-62
82
-40
96
78
42
12
36
2
10
-62
66
-94
-78
-12
-64
-4
-4
-20
-100
14
92
40
-2
-112
-52
54
106
-140
72
-12
18
24
-100
66
160
-36
-32
-40
18
128
-106
8
74
50
-20
-24
-20
-34
66
106
-84
6
38
42
-110
-82
-46
0
6
50
-28
-46
44
82
-18
-38
140
-116
38
126
56
-62
-8
62
24
-16
-28
86
-32
-34
102
52
-38
-96
-24
-50
-136
-18
100
102
72
-106
-16
-102
38
-114
118
-46
-24
-26
-192
86
-46
-18
80
-44
-20
42
-56
102
-154
22
118
-2
68
50
64
10
20
12
24
20
48
120
-20
124
52
56
-40
-18
14
146
38
132
38
54
124
32
-154
28
126
154
-10
46
56
24
-60
-102
-134
28
0
-94
-34
-82
68
134
30
62
32
60
-8
-76
8
100
-12
78
102
38
-40
56
-16
20
-58
56
30
-10
24
-20
-88
20
-30
-4
36
-90
-68
-92
-8
10
14
-58
-26
96
-48
-74
-28
78
-92
-94
28
-16
-68
52
40
20
-54
28
64
-42
-56
124
66
-2
-10
-46
-96
-108
8
-96
12
88
-28
76
102
46
-118
12
-26
-8
20
36
-122
0
68
-32
42
18
100
4
-194
100
10
-30
114
120
14
106
-40
-144
-44
-8
50
34
-40
52
32
62
38
76
-52
-64
-60
88
-12
168
44
142
-32
-86
-44
36
42
34
-66
34
118
48
-46
50
126
2
-44
12
-10
168
24
12
-68
-68
108
-38
-90
120
64
20
32
84
32
40
-88
-78
50
32
-42
-86
-54
12
-100
-44
34
58
-88
-34
20
-178
-4
-26
48
-114
106
-2
-46
38
74
-56
-48
-138
-18
-8
-10
-10
38
16
-24
64
-102
-54
4
-26
76
100
0
50
62
56
-74
72
-28
-28
-104
-30
22
-48
-156
50
-96
34
-138
76
-56
-62
12
56
40
48
22
-60
-70
106
-22
126
64
58
-50
28
20
-130
38
46
-26
6
22
-168
-46
38
24
-30
-68
-12
38
-14
10
24
-24
24
40
32
66
42
28
-44
34
34
52
-44
24
-34
0
102
22
-54
-62
46
42
-32
122
58
166
-42
0
8
56
38
-52
38
114
52
74
72
158
-184
130
18
-6
-42
-30
-12
-144
-96
-50
6
-46
-12
20
-158
12
-56
-88
6
20
-100
-122
-28
-8
104
-56
44
38
-118
-4
38
24
28
-92
-2
76
44
-30
-40
36
50
-12
-10
22
-46
128
78
48
126
80
-78
10
-12
32
66
-32
110
-156
-52
66
-14
-40
-124
-68
-36
-160
-134
112
56
12
60
-68
72
-90
-42
120
-56
-50
128
-52
-64
74
-32
-100
86
6
-54
-8
-88
-12
42
-118
50
10
-136
36
22
-66
16
-62
98
-22
-96
74
-12
-50
72
-16
28
66
-32
-86
-110
-52
52
-64
-50
28
26
-94
-66
-62
190
44
10
-36
-48
26
-62
68
-38
52
124
114
-28
-84
66
52
4
14
-90
-80
24
66
-26
84
-26
94
-38
86
-16
74
-56
-96
-4
108
4
36
-106
-28
54
-10
-24
64
-62
-50
112
-74
14
-40
6
22
-38
0
46
-16
-64
-42
-44
-82
-8
-74
-148
66
102
4
46
30
4
80
96
-20
36
-8
64
-48
-140
10
40
40
-98
-92
-84
-110
-60
-46
-26
34
12
-66
-20
-34
24
-84
-44
72
34
-50
-6
-46
-84
-30
-88
-8
-30
24
-62
4
74
-78
-16
72
166
4
34
-40
-140
120
0
-46
38
-124
46
32
-114
-14
32
30
-88
-134
-6
52
-90
30
-112
10
-10
46
40
-2
-16
120
-46
-16
86
148
-68
106
-78
-10
44
-216
-36
-48
80
-28
-74
-30
4
22
72
14
-24
2
-52
-88
-134
6
40
-92
-22
38
0
-94
112
42
26
-60
2
68
-4
46
82
90
-80
32
68
-68
8
-142
-12
-104
16
42
54
-102
-62
-26
60
-18
14
-46
8
72
128
32
-130
70
16
30
84
-44
74
-82
92
-98
20
-18
-2
26
42
34
-30
-88
72
-20
38
66
-72
34
16
56
34
-6
8
56
78
24
-142
124
-32
-40
-48
20
-194
-18
-92
52
-24
86
-8
46
-62
158
-48
-172
0
-216
-66
144
-64
56
10
144
6
70
28
52
58
78
40
-94
148
56
34
126
52
28
80
8
-10
150
80
38
26
-20
18
-18
-88
-62
0
-130
-74
56
90
74
38
-20
136
68
54
0
60
112
12
88
38
-30
-8
140
40
66
4
50
-96
38
64
-76
70
14
-22
-34
-2
4
86
118
62
20
-12
-48
-34
-50
-76
-4
-60
36
120
-40
-72
-110
-14
-130
-58
-16
-48
28
-52
-2
-118
96
76
-66
-92
-108
94
-44
-54
74
-32
84
-120
90
-14
-22
96
-48
-24
-64
46
6
-38
80
56
110
-102
-12
-62
-20
-160
4
-96
88
18
-26
-52
-106
168
12
-100
-48
-6
24
14
-14
4
-14
104
26
-164
102
36
-16
18
82
40
-54
-14
52
-10
-110
-118
-82
100
-58
-138
-14
-40
-98
-140
20
-118
96
-4
54
-18
-166
132
46
-108
-98
-138
-80
48
62
-90
-94
106
-46
10
38
-12
-16
150
22
-66
-74
66
82
158
-48
-82
52
34
-34
-136
-20
-104
-90
38
-58
-88
-60
32
-6
-32
48
106
2
62
-12
-36
28
-10
-72
170
-6
80
16
-58
-134
68
-14
78
-14
-108
-36
-58
-6
-132
28
48
8
-90
108
-28
58
18
8
-20
50
36
-48
50
-132
-22
-20
34
-42
-16
40
-54
-62
-86
-58
40
-114
36
-110
-8
-108
30
102
26
96
-4
0
4
-8
68
-32
32
-64
22
-2
54
10
-76
58
38
48
32
-72
64
-72
54
-24
110
94
76
50
20
90
-156
78
-56
34
58
-102
4
-20
-56
28
-36
-38
4
6
4
68
-38
-58
126
36
60
-52
-18
0
-70
96
-8
-18
158
-30
-76
-90
84
20
-106
92
18
-32
-10
42
34
86
-8
-80
24
-18
98
100
-128
-96
-16
76
-50
58
-38
-108
-72
16
72
-56
104
12
22
54
0
18
118
-2
20
-80
12
48
-114
-76
-110
-2
72
64
68
-52
-34
16
-56
68
58
-40
110
-172
-12
-28
142
-98
-10
-96
-30
52
-8
0
70
-150
42
-40
18
62
-62
38
82
-84
8
84
-16
80
-2
2
28
82
24
-8
166
-116
-2
-42
-80
78
82
-14
-86
136
-2
-28
-22
-32
70
128
38
-64
50
-110
64
-10
-38
-62
20
10
-24
-78
0
-60
118
-30
44
-128
28
90
-8
100
68
10
162
-82
108
144
48
-50
42
100
92
30
0
48
44
-60
-86
-26
-16
24
14
-36
66
-50
72
-60
166
56
0
-138
-14
56
-8
-46
50
-16
6
16
116
-6
-58
42
106
104
-76
30
-46
22
-20
-14
50
-52
112
18
50
54
-78
82
-72
-112
-12
-12
176
-28
12
6
-104
-40
74
-70
-72
-20
38
26
60
12
-52
130
42
22
122
-88
124
-72
-132
88
4
54
-192
-10
36
82
102
-124
-178
-166
-66
98
22
10
-28
10
100
-34
-70
16
-148
54
78
-50
14
44
20
112
-8
-56
24
52
-8
10
20
-54
2
8
-12
0
-96
64
-58
-16
-66
30
100
-56
14
-42
2
48
92
-126
56
-18
-76
-12
66
96
-142
-18
86
58
28
90
-30
-40
46
34
-36
-38
2
22
-64
18
-40
-70
52
-10
-66
-24
-54
44
-42
8
-58
-168
202
44
30
72
-44
-38
80
-126
-24
76
-22
64
-82
-82
22
136
48
-64
-32
52
-68
-2
198
-158
40
-56
2
-30
-60
-84
-10
20
30
-60
52
46
-88
62
88
50
-10
6
76
-66
-88
-82
40
-58
68
-108
36
-104
98
78
-12
-26
-98
-4
102
48
-54
140
84
138
-26
-20
-96
-92
-46
-86
6
126
98
-94
-92
-26
26
26
10
108
-38
32
20
-110
-70
-50
-50
120
-28
38
-64
-10
-74
144
-62
34
36
46
-20
-140
16
-48
30
108
8
36
22
54
82
54
74
-14
174
-34
72
-68
110
100
2
104
2
20
-54
-170
70
24
-34
-136
-74
12
-20
16
8
-76
4
-132
32
-100
38
-10
-134
12
-20
42
-2
-8
-74
-40
8
112
-26
-8
28
-24
2
-24
10
70
-28
42
-2
4
-34
-56
128
54
-14
16
0
12
40
-76
58
-24
-10
-10
112
24
-58
58
102
-36
62
-102
46
-10
-132
-140
8
10
-46
-38
-128
-50
110
24
-42
100
-90
-26
110
80
0
-82
42
80
-70
146
-4
-10
-26
-16
-36
16
-60
-48
-16
66
20
-82
-16
-34
6
-100
-28
102
78
-108
54
-16
-66
84
20
68
-126
-36
-34
-98
-28
60
-64
-46
48
18
-20
-64
-102
-8
4
74
-128
-140
134
0
-22
8
0
-40
-108
32
0
-50
20
-52
-84
52
-60
-62
-26
58
-50
74
-82
26
-8
-132
124
66
40
56
102
138
-20
-74
84
-106
12
100
126
120
-2
-34
0
136
-60
-68
-28
84
4
110
-28
-32
28
-78
10
-122
-10
2
-142
0
-16
14
50
50
12
-94
-98
4
-72
148
14
78
34
-60
-38
-96
-54
-54
-76
2
22
-34
-6
0
10
24
52
120
10
-102
-38
40
-90
-18
-52
2
-58
76
-32
32
-142
2
84
-32
-102
40
-128
-22
-6
52
-2
-44
186
-42
-40
-44
42
36
30
4
22
-94
-188
-36
20
100
32
-26
80
-74
34
16
42
-8
-28
132
80
10
-62
-74
-46
-28
-22
76
-32
-8
150
-68
40
40
-12
-78
-68
-56
22
-60
118
-108
-42
-18
-62
-46
-14
-50
-32
88
-44
-128
66
10
-14
90
-134
34
-14
-42
22
-126
70
-4
-58
20
16
-40
-102
40
116
80
-42
12
16
-22
12
64
-118
42
-26
-26
-38
-40
-112
98
164
-22
-14
-32
80
4
94
-18
-66
92
-8
0
-64
-2
22
-88
6
58
-38
-24
106
46
-62
-48
44
176
-52
-28
12
-100
8
58
144
6
100
54
-32
50
58
-28
62
-70
30
-18
28
74
40
-72
10
36
-110
-46
-82
-54
84
48
50
-8
-100
-2
-112
-128
-102
44
-44
-14
-2
-114
18
-14
110
76
108
8
-80
12
34
-32
-30
-104
-22
48
12
-52
72
-36
40
-10
-90
90
48
46
-26
86
-60
-90
28
58
-72
40
74
14
60
0
-16
-144
-96
-38
56
-98
-48
-100
166
142
-74
-114
-8
-82
16
-48
34
-56
-88
28
58
-58
-88
-66
60
8
-254
-8
62
22
-30
-102
76
112
-34
-142
4
-32
92
114
-76
8
74
-42
-78
92
34
66
-34
2
36
-64
-4
-68
50
-82
-128
56
-128
-2
-38
-122
-20
38
-8
-4
56
-50
-46
50
4
100
108
88
-6
-8
26
82
90
-48
-88
-12
-76
-108
22
6
-2
8
-68
-32
40
38
-20
-32
-98
8
64
-62
118
112
86
72
-108
0
154
10
-44
66
-70
36
50
-96
-38
-124
-36
64
-28
-70
150
0
42
-30
106
-38
-30
-8
10
34
-8
2
-114
44
-36
42
118
-86
-24
26
34
-16
62
10
100
138
46
4
4
-90
52
-62
0
-204
36
-30
-4
-52
138
4
-94
-28
8
-44
4
-32
78
-70
166
-74
-206
-82
82
24
54
-52
18
64
28
52
106
-60
44
20
0
20
76
68
-14
58
32
154
-6
-104
110
-46
20
76
-34
-68
26
118
106
24
58
6
-136
60
42
6
-76
8
92
92
-44
-10
130
106
72
-10
14
-10
-42
100
184
-132
-94
78
-50
100
6
-20
76
2
36
-10
26
-250
-104
-78
24
-34
-136
-8
78
100
-52
-78
-50
-42
60
30
52
36
142
176
-62
-8
-60
64
-42
-76
-110
56
-6
-198
6
0
-8
80
112
22
24
-122
-88
44
10
-112
-60
-76
40
174
14
-36
-14
46
-118
-26
68
50
52
104
-24
30
118
94
116
-54
56
-74
-98
210
22
98
-94
8
28
38
-50
-12
42
-70
-16
6
-16
-18
36
-40
10
-8
84
-4
-102
144
22
12
14
4
124
-80
14
26
-36
-50
0
-50
-2
14
-82
-60
-78
42
-30
74
62
-68
82
-86
10
56
-84
-54
54
44
-54
-14
-64
2
-48
-68
-58
-22
-6
0
92
12
-18
22
64
134
-148
96
-86
-104
-32
34
-58
18
-130
8
102
0
2
-92
-44
80
90
58
36
30
102
4
-44
114
-96
-16
-70
-10
-120
42
176
78
-170
30
156
-164
-72
54
-68
-146
8
-78
-54
56
138
20
46
-120
-122
-48
2
-12
48
14
-10
-120
68
72
-104
-2
-38
0
88
-94
126
-36
118
2
-104
62
0
30
-28
-92
2
-80
-8
-6
76
22
26
76
-78
-68
-38
28
-106
128
-4
-16
-6
48
22
46
-64
34
-22
52
-18
36
8
28
-56
-48
-16
-106
-76
-64
12
-34
-24
110
92
82
-68
-80
-112
-92
24
-98
16
-96
-34
-110
-46
-32
84
-28
20
18
-32
-6
-70
94
40
34
28
82
50
-118
84
8
-120
42
30
-14
126
102
22
-66
34
66
66
-52
2
174
-2
54
32
6
32
6
-92
-16
22
76
-10
-4
-44
102
76
-6
120
-100
24
58
96
-62
-8
146
20
12
-72
-58
-62
112
-6
10
-68
28
6
-94
-20
124
-132
-92
42
-66
100
24
-48
0
12
-86
-26
70
-138
44
110
-88
-74
0
-58
24
76
48
112
-68
-68
-28
36
-46
78
12
60
18
66
-48
-26
64
-10
66
-24
4
-22
26
-32
-66
52
4
-18
-48
4
46
-230
-74
58
-6
22
10
-176
48
26
50
-28
-28
-40
18
-68
42
26
74
46
-80
-8
-94
-74
-10
2
114
-62
72
-142
-10
48
-156
76
54
26
16
-16
48
-16
90
-20
-62
-16
-64
126
-84
-48
34
-14
114
-72
-96
106
30
-46
52
162
-32
-116
134
56
4
-56
-54
-54
-136
94
82
24
40
70
108
-26
32
-36
90
-18
148
80
0
-48
-120
-72
-140
-6
0
-24
-30
68
124
8
-142
160
-6
-62
22
28
-48
20
-40
58
-64
-158
-20
-96
166
-26
44
-22
26
-38
10
-22
60
12
-86
-154
28
28
-110
44
92
18
50
76
-56
50
32
-20
28
56
-12
122
-114
-98
2
28
2
6
46
46
20
-108
22
18
-26
-18
-74
80
6
-44
90
132
88
-72
-24
72
88
-94
-40
46
50
-24
78
28
-34
-56
20
218
60
44
-76
-46
64
-4
4
-22
14
-42
-122
42
82
-94
-16
-156
-84
8
42
-148
-102
-120
12
-64
0
-16
-10
4
86
-48
14
-120
24
-8
44
86
30
82
82
-64
-126
42
2
-4
-144
-118
-32
-80
-96
-28
30
-16
68
126
14
26
44
-60
124
90
76
-78
-96
86
-12
-156
132
48
24
-50
-54
196
0
44
234
8
128
-102
-50
52
-64
8
68
88
10
-46
48
-38
-58
38
28
-162
-80
-82
58
112
-64
-44
-50
36
38
-18
-68
-32
138
-20
120
-22
-152
54
-30
60
12
-120
-34
-50
2
-50
134
0
-68
-54
56
54
12
-60
-36
-38
-6
-92
-4
-96
42
-78
24
8
102
-36
24
-84
-98
-30
42
-124
154
20
36
42
-14
18
24
54
12
26
86
-2
-86
80
18
6
34
4
6
-6
94
30
12
-18
50
-4
32
24
-64
150
-64
-54
-162
-24
40
34
98
-80
-74
20
-150
152
-54
-34
14
20
-14
32
26
34
-2
86
-42
0
-22
58
-32
72
14
60
114
-8
126
2
-22
-38
20
58
54
44
-100
26
-10
30
-92
-18
-28
-2
24
140
-90
-48
-78
54
66
40
-62
-10
66
96
-12
54
-4
-66
-206
-46
10
-40
-72
64
34
84
-28
-170
18
-20
-66
-14
58
76
-42
-34
-10
118
-100
-54
2
-84
-88
156
-56
-30
82
52
-80
62
-48
-138
36
50
-34
62
-60
74
-38
-106
106
-6
-34
62
30
-82
56
40
2
180
-116
66
16
-32
-36
118
-38
72
-20
76
-12
-42
262
8
26
-38
54
-54
8
138
40
-110
130
78
-130
56
20
-64
-36
18
-60
-134
62
28
-16
32
98
74
-28
78
112
8
64
32
52
-18
46
-84
-2
-76
24
92
-44
-144
-64
-94
58
62
126
20
36
64
-34
-24
-30
-28
18
44
-74
-36
28
10
74
54
20
-104
62
18
-32
86
162
-18
-80
-100
-64
8
-8
122
38
104
-116
114
118
0
-62
-220
-76
-156
34
0
-86
20
-8
90
0
-78
-30
-66
50
42
-118
-30
-58
18
0
-4
26
-26
-34
0
-56
140
-38
-64
-50
12
40
-40
56
-40
8
128
-74
140
66
4
62
-126
36
-68
4
98
30
-102
22
-20
66
-64
-4
76
66
12
116
28
42
-80
84
-38
32
-72
58
22
-76
6
70
80
22
28
72
-104
6
-58
10
-38
-46
12
100
-242
-56
-110
60
28
24
30
-144
54
-18
-26
20
-76
-56
-46
-164
42
186
-68
-150
130
-36
44
-16
-12
-94
-48
94
-46
-26
-14
-26
24
-24
-68
42
-44
84
136
98
86
4
6
-18
-72
110
64
-58
90
50
166
56
20
-28
52
82
96
-102
-4
32
-4
-150
8
-54
8
120
36
-54
-68
158
90
-64
-16
30
-100
-52
54
-92
-36
-26
-92
-38
-122
36
28
-102
22
72
46
-46
-86
-28
-14
10
118
46
60
42
48
40
58
104
-34
-54
-48
-50
40
30
78
-26
-2
-94
-36
76
12
100
-80
-172
-116
-42
114
4
-18
26
46
144
76
-18
-212
118
-122
-26
-24
54
54
-20
-8
38
40
52
36
102
16
-70
46
-100
-16
56
36
28
50
100
-38
-80
-18
-98
-18
-44
78
4
-26
-38
8
-82
42
-130
-110
-118
78
70
-58
36
-2
-26
-66
-30
84
-52
56
88
-128
-66
32
40
24
-78
18
-44
66
-28
-78
-6
-64
48
44
20
26
80
-62
-12
-16
-142
-22
-96
24
-26
-20
26
-56
12
34
14
-8
-90
-36
8
20
-54
-24
4
36
56
-52
-66
-108
-92
-34
120
-32
102
36
102
-28
-186
154
64
32
58
-38
-38
44
-16
-52
-54
32
56
-10
-36
-20
52
-32
38
28
174
-10
-60
8
-18
2
54
-46
104
-58
146
46
-94
-14
-12
60
24
132
-26
-98
60
60
2
-68
-104
-2
54
90
108
-76
50
-48
18
-22
-4
-32
22
-22
-96
96
-58
50
-46
4
-60
8
26
-16
-58
24
182
-36
32
-74
-122
68
78
-14
-26
-18
128
132
52
-68
80
164
2
-76
-30
98
60
10
-6
-12
-138
-26
60
-32
-22
-76
32
-136
-120
2
42
-78
-176
-58
-140
8
62
-24
72
-64
-54
16
30
-154
2
-110
-82
102
-92
34
28
-52
2
14
-34
-12
2
122
162
-16
-10
32
82
-36
74
54
0
-68
-118
52
58
-40
118
24
-20
-42
100
70
82
118
-94
60
26
94
2
84
96
-54
56
40
34
10
-12
78
72
26
-22
-10
-10
-68
-4
-36
58
92
-62
-40
94
116
8
-124
-98
-42
-16
92
26
-6
-52
98
-4
30
-14
86
-36
10
58
54
-48
-46
-158
58
-10
-50
-6
6
-114
-24
-12
10
4
-28
64
-130
126
110
6
38
64
-20
66
-44
40
-56
66
30
-36
-124
-8
-50
-48
94
64
-86
10
-26
30
42
-56
14
-14
32
-40
26
46
2
-116
-42
16
-20
-72
38
58
-26
-70
-74
104
-30
-80
-2
-30
90
-72
108
134
-140
-72
90
154
32
-100
12
-20
-74
116
-96
-32
-62
24
4
-50
-40
-116
32
-82
32
-10
-96
52
62
-100
90
14
14
68
48
0
-26
60
-54
226
18
30
-108
78
14
26
114
-102
22
52
68
-60
-20
-16
40
24
-50
-80
60
-40
-10
226
-76
-28
-96
12
-76
-128
-14
32
22
-78
22
-34
34
34
-130
76
16
-6
14
26
-8
-42
-54
148
74
6
38
-6
-26
-18
4
-4
-48
-34
-82
6
62
-8
-6
-118
66
32
-56
84
-36
80
30
-72
104
78
86
100
-38
32
-14
14
-78
-2
46
-42
-62
-122
-4
22
20
4
88
32
-10
-44
24
12
34
26
-66
78
78
14
38
126
-176
12
-134
-64
-2
-46
-8
66
-12
-72
-94
-68
22
38
-30
-104
-56
18
94
30
-42
90
-26
-30
-84
38
-92
-136
22
-14
40
84
-38
-110
-80
-12
-6
-60
-24
108
106
180
36
-124
20
-50
64
74
96
70
-64
0
76
20
50
-74
-98
98
-10
76
118
38
-116
-12
10
132
-26
74
-146
-168
-66
100
-52
-46
-70
152
96
-74
44
10
-36
48
-134
-68
108
64
-36
60
-32
-78
-4
-62
-18
48
-82
2
-144
50
20
-24
-34
58
14
48
20
32
-2
-76
80
42
-76
90
-64
4
-38
-84
44
56
106
18
76
-50
8
-30
-14
12
-58
-134
46
52
-46
118
-14
-42
-66
40
20
-12
68
6
-148
-18
-54
38
102
-34
-164
-92
-56
-14
-50
68
-40
18
-100
-12
-120
28
-148
-62
56
34
96
-98
-28
22
50
22
-4
-118
170
-96
-62
-34
22
52
60
-68
-52
40
60
144
0
-20
-40
10
106
58
-34
96
-60
-78
-58
42
-48
4
-8
-124
26
-178
-120
10
-4
-134
-86
-20
-10
68
114
56
60
-22
-94
54
-6
158
-20
-44
130
-54
-44
16
182
-48
2
-38
106
-62
-152
-38
-84
158
148
10
-104
-100
-16
36
10
36
2
-52
136
32
-20
-10
26
-66
-56
-28
114
68
66
-64
30
64
-54
36
36
0
128
76
36
-86
122
196
-22
72
-168
-24
-94
-52
110
76
62
40
-60
22
-62
58
-26
-16
66
-102
42
-24
16
64
-52
-22
20
56
30
-40
50
42
-138
106
-34
-24
76
-62
10
14
28
28
-62
-28
20
46
106
160
-34
14
-30
-74
-44
8
36
-40
-54
-12
56
30
106
-58
14
-124
-66
-40
60
20
126
76
-90
-52
-26
20
24
64
90
24
-106
-42
84
28
34
58
66
16
-76
-194
-8
74
-58
-34
82
-30
76
-78
-16
-40
-126
-38
-4
-58
186
38
-78
-84
-34
-34
6
44
-74
-24
4
38
8
-174
-80
254
-30
124
-64
-8
-54
0
6
-12
68
34
16
40
-124
-98
-78
-32
-6
54
-22
-52
-94
130
-14
-66
4
-30
74
0
-66
-16
-2
-48
30
18
34
32
-106
-66
74
-54
152
-118
24
-126
40
-22
-24
-26
84
32
-64
-14
-74
104
72
-44
-160
132
50
24
-24
-88
84
22
2
-140
24
-106
-38
-122
14
-66
-16
26
-52
-16
-2
118
-18
-28
32
86
36
-56
18
-54
102
26
56
-12
-70
38
-44
-50
92
-30
-36
-64
24
-28
2
-78
-60
60
8
-2
12
6
-48
-32
72
-44
24
26
-54
-38
20
-18
36
8
-98
-44
-92
18
-42
10
-86
22
124
130
54
-50
126
60
-132
-8
-70
108
60
-10
-90
-226
-28
6
-100
54
14
56
-18
6
-46
-32
-46
54
260
-34
60
0
80
68
-90
16
-184
8
68
-96
114
-76
34
66
-12
50
-42
70
-18
-84
-70
12
-126
-8
-12
-106
28
-84
58
14
-46
-88
-16
-30
-98
48
-12
-24
6
34
-144
40
-66
2
44
-42
-58
4
36
16
-38
-52
54
-76
-88
-74
74
68
-24
36
-128
50
-212
118
-22
-42
4
46
108
64
96
2
12
64
42
-108
16
86
-56
12
68
90
138
212
68
124
-38
72
-110
-62
26
44
-78
2
44
-68
-74
-36
16
-72
34
-58
2
-38
-90
-22
-52
58
-68
10
82
-6
30
30
-10
50
106
-88
-42
64
-38
-124
-46
62
58
-206
88
-54
26
38
34
-34
-38
-96
8
-90
2
58
-6
54
138
-146
110
198
-18
38
-118
44
142
-56
-124
42
72
50
12
32
26
-70
66
88
226
-28
-118
-6
-44
-2
8
-106
52
-40
